420
69
400
855 477
44 515
13 36
38 67
62 197
97 177
141 258
65 55
49 21
62 111
122 351
139 346
53 819
28 62
45 189
132 293
30 77
194 354
49 463
67 81
84 70
99 300
79 182
50 91
855 530
26 68
44 115
44 46
71 343
104 299
842 459
30 102
54 224
92 170
16 25
38 99
34 170
44 386
70 111
45 142
79 181
17 49
40 486
85 343
155 302
142 283
208 305
78 111
98 268
184 275
65 117
169 333
77 118
60 61
51 63
183 221
29 86
26 46
49 90
24 54
98 158
44 56
93 190
240 198
97 289
681 291
96 206
48 142
669 458
50 67
80 103
51 113
107 298
22 23
379 288
98 192
51 69
13 58
26 94
73 107
51 448
23 75
47 102
814 447
12 19
43 85
884 500
133 253
157 316
77 54
32 195
35 157
22 69
880 466
238 296
909 460
18 79
61 129
258 315
52 36
43 63
51 106
59 55
82 210
26 119
68 332
31 103
79 29
838 478
831 509
31 25
77 63
66 806
39 163
27 40
85 319
101 342
41 65
29 149
77 233
86 376
52 310
66 94
299 273
52 298
92 298
52 163
101 201
78 348
130 253
41 155
152 975
21 197
73 62
39 63
880 529
30 95
45 106
157 298
70 96
109 255
39 17
68 59
50 616
83 186
17 159
50 124
123 197
69 354
129 336
40 69
94 210
209 244
873 475
50 58
89 37
165 305
118 228
175 1000
80 129
84 157
243 278
74 63
28 81
99 266
169 206
61 67
870 507
144 260
27 109
870 451
31 138
57 88
100 248
172 220
117 257
139 318
146 241
62 110
51 198
111 205
75 240
168 312
15 144
75 269
75 73
41 33
58 1
41 90
102 376
84 405
70 111
12 55
512 397
96 380
47 24
159 251
115 274
35 466
11 71
39 190
83 251
51 115
66 88
29 54
159 304
40 54
77 106
175 995
59 0
18 48
50 284
120 169
282 243
165 236
133 213
55 506
78 19
30 119
61 473
51 169
64 36
52 18
843 462
66 209
514 460
14 17
62 145
284 503
85 372
24 125
13 56
26 190
828 488
64 464
49 160
37 24
100 267
25 86
76 21
139 293
58 601
157 338
11 16
135 355
56 546
67 85
98 254
284 502
43 46
66 264
44 115
78 162
149 318
146 294
60 595
172 325
116 233
144 185
42 162
45 65
153 290
847 487
71 571
78 46
34 5
101 202
419 375
159 308
25 70
99 362
85 199
59 586
269 482
129 343
0 46
173 354
40 593
29 43
71 66
67 86
28 67
54 17
1000 676
154 293
203 264
30 83
256 312
37 464
52 59
281 488
77 752
24 75
105 244
140 254
31 61
261 293
84 124
8 33
62 143
81 65
129 286
106 329
90 305
42 50
23 32
66 332
61 84
261 279
833 512
49 57
112 394
44 75
76 183
74 431
36 70
54 286
19 97
188 269
91 362
80 1
59 456
28 56
115 387
404 309
58 11
221 365
36 123
72 121
75 185
217 318
43 464
795 488
101 358
70 192
67 75
160 300
26 45
19 40
73 247
80 241
91 548
25 69
153 348
61 40
47 115
23 28
138 234
76 110
122 219
171 321
880 469
92 151
80 319
78 146
38 197
85 66
105 198
157 269
863 503
154 308
148 249
56 209
41 201
27 141
254 286
13 70
77 289
135 323
42 189
839 465
70 76
46 203
84 293
46 26
62 134
188 253
116 178
84 293
835 516
98 283
832 504
64 94
25 66
57 88
67 2
41 61
19 119
91 515
23 52
162 303
16 33
61 329
36 443
154 317
27 445
33 4
76 128
19 34
16 49
20 103
855 477